4294967279,132
4294967279,131
4294967279,130
4294967279,129
4294967278,11
4294967278,10
4294967278,9
4294967278,8
4294967278,7
4294967278,6
4294967278,5
4294967278,4
2,4
4294967278,330
4294967294,1242
4294967278,250
4294967278,251
4294967279,397
4294967278,249
4294967279,396
4294967278,27
4294967278,26
4294967278,25
4294967278,24
4294967278,23
4294967278,22
4294967278,21
4294967278,20
4294967278,19
4294967278,18
4294967278,17
4294967278,16
4294967278,15
4294967278,14
4294967278,13
4294967278,12
4294967278,243
4294967278,241
4294967278,238
4294967278,237
4294967278,329
4294967278,236
4294967278,235
4294967278,230
12,5
4294967278,228
12,4
12,3
12,2
12,1
4294967278,226
4294967294,388
4294967294,387
4294967278,223
2,3
4294967278,221
4294967278,218
4294967278,216
4294967278,217
4294967278,214
4294967278,328
4294967279,395
4294967278,211
11,5
4294967278,210
11,4
11,2
11,1
4294967279,394
4294967278,209
4294967278,327
4294967294,1424
4294967294,419
4294967294,1246
4294967278,205
4294967279,393
4294967278,326
4294967278,325
10,0
10,5
4294967279,392
4294967278,204
4294967278,324
4294967294,438
4294967294,120
4294967294,187
4294967278,323
4294967279,391
4294967278,322
4294967278,199
4294967278,198
4294967278,196
4294967294,89
10,4
4294967278,197
10,2
10,1
4294967278,321
4294967279,390
4294967278,193
9,4
4294967278,192
9,3
9,2
9,1
4294967278,320
4294967278,191
4294967278,29
4294967278,28
4294967279,389
4294967278,36
4294967278,35
4294967278,34
4294967278,33
4294967278,32
4294967278,31
4294967278,30
4294967279,33
4294967279,32
4294967279,30
4294967279,28
4294967279,26
4294967279,25
4294967279,23
4294967279,22
4294967279,21
4294967279,20
4294967279,19
4294967278,319
4294967279,388
4294967278,318
4294967279,387
4294967278,187
4294967294,393
4294967294,46
4294967294,389
4294967294,115
4294967294,2
4294967278,186
4294967278,317
4294967279,386
4294967278,185
4294967278,316
4294967279,385
4294967278,182
8,5
4294967278,181
8,4
8,3
8,2
8,1
4294967279,384
4294967278,180
4294967278,315
4294967278,176
4294967279,319
4294967278,314
4294967278,313
7,0
7,5
4294967279,318
4294967278,312
4294967279,317
4294967278,311
4294967279,316
4294967278,171
4294967278,310
4294967279,315
4294967278,170
4294967278,169
4294967278,309
4294967279,314
4294967278,168
4294967278,308
4294967279,313
4294967278,165
4294967278,163
7,4
4294967278,164
7,2
7,1
4294967278,307
4294967279,312
4294967278,160
6,4
4294967278,159
6,2
6,1
4294967278,306
4294967278,158
4294967279,17
4294967279,16
4294967279,15
4294967279,14
4294967279,12
4294967279,10
4294967279,311
4294967294,76
4294967294,38
4294967294,36
4294967294,39
4294967294,395
4294967294,24
4294967294,1245
4294967294,53
4294967294,418
4294967294,52
4294967294,45
4294967294,430
4294967294,44
4294967294,426
4294967294,41
4294967294,42
4294967278,305
4294967279,310
4294967278,304
4294967279,309
4294967279,260
4294967279,0
4294967278,153
4294967278,152
4294967294,96
4294967294,94
4294967278,151
5,5
5,4
5,3
5,2
5,1
4294967278,260
4294967278,0
4294967294,8
0,7
4294967294,1072
4294967294,186
4294967294,470
4294967294,1068
4294967294,92
4294967294,90
4294967294,88
4294967294,86
4294967294,84
4294967294,1423
4294967294,0
4294967294,390
4294967294,5
4294967294,99
4294967294,9
4294967294,107
4294967294,1
4294967294,91
4294967294,87
4294967294,85
4294967294,414
4294967294,1086
4294967294,29
4294967294,28
4294967294,1087
4294967294,27
4294967294,439
4294967294,40
4294967294,37
4294967294,7
4294967294,6
4294967294,127
4294967294,14
4294967294,126
4294967294,13
4294967294,30
4294967294,61
4294967294,50
4294967294,427
4294967294,1163
4294967294,11
4294967278,132
4294967278,131
4294967278,130
4294967278,129
4294967278,128
4294967278,127
4294967278,126
4294967278,125
4294967278,124
4294967278,123
4294967278,122
4294967278,121
4294967278,120
4294967278,119
4294967278,118
4294967278,117
4294967278,116
